0 0.571875 0.328906 0.009375 0.010937
0 0.239844 0.165625 0.023438 0.025000
0 0.238281 0.148438 0.023438 0.021875
0 0.421094 0.307813 0.023438 0.025000
0 0.231250 0.140625 0.009375 0.009375
0 0.533594 0.110937 0.020313 0.015625
0 0.412500 0.314063 0.009375 0.012500
0 0.520312 0.118750 0.046875 0.031250
0 0.506250 0.125000 0.018750 0.018750
0 0.430469 0.300000 0.007813 0.009375
0 0.011719 0.678125 0.010937 0.012500
0 0.239063 0.157813 0.028125 0.043750
0 0.556250 0.135937 0.018750 0.018750
0 0.338281 0.568750 0.010937 0.012500
0 0.383594 0.432813 0.017188 0.018750
0 0.221875 0.208594 0.021875 0.023438